3800.731689 -7.872225 691.731934
3851.215332 -88.095108 587.939270
3698.620605 37.874706 606.846619
3669.471436 33.573116 378.332489
3752.170898 89.866943 476.997742
3579.100342 -7.883185 477.529510
3686.257080 155.380646 525.771057
3691.189941 27.691141 584.286560
3587.597900 110.702705 436.352356
3249.940430 -442.252014 -242.643188
3224.036133 -565.048889 -305.863007
3267.562256 -381.344757 -367.968567
3383.802246 -316.462097 303.241272
3419.227783 -337.391724 168.870300
3339.062256 -187.183762 271.433655
4035.456787 302.188812 197.791199
3963.560791 244.456192 91.756210
4135.645508 342.560394 108.000160
4005.537109 178.788239 659.120850
4016.973877 45.378040 616.440063
3887.687500 192.832214 583.985474
3446.404053 72.862068 122.198822
3524.666016 162.717667 196.674606
3459.556641 -23.087114 223.928635
3069.576416 349.771332 -442.824066
3047.693604 327.217285 -305.856689
3100.452881 213.869522 -460.369080
3210.394287 355.444305 298.130707
3172.316406 229.757782 348.177948
3099.481201 354.847809 211.948059
