38.64                     -4.78            -3.07               14.8          81.3500000000002            -49.68
59.3999999999999 35.31            -50.49          61.6699999999998         -86.7399999999999         -59.5899999999999
-8.56357200000001                -30.080238          71.9572789999998                -47.934933                 11.864161          72.5038829999998
53.491035                104.799838                  3.147411          83.5606989999998         -64.1993330000001         -99.0662029999998
41.441126                  4.886646                 80.131152                  -48.9926                 24.944174                -27.974142
27.97                     -3.91                   -101.73          81.0599999999998         -89.4400000000001                     22.92
31.42                    -32.28                     18.88                     -0.67                     52.58                    -30.83
1.81                    -27.13                    120.72                      35.9                    -36.15                    101.83
157.27         -97.6000000000003                    -22.92                     -67.2                        40                    -44.66
-18.167423                 57.737343          8.92906299999997                  31.69306                -25.471515                -13.834516
