3419.885986  336.367523  286.058746
3313.364990  111.327011  286.025726
3333.573730  -136.613846  285.790619
3750.756836  97.276375  498.440155
3313.363281  111.440208  286.005829
3154.464600  116.932220  -173.513519
3412.886963  107.885544  514.285950
3313.394043  111.422432  286.061768
3341.325928  110.807594  38.723129
3312.031250  66.369186  312.294678
3313.391113  111.415817  286.012207
3314.133057  137.291336  240.724930
3365.715820  109.747459  339.279327
3313.392090  111.399117  286.010803
3294.675537  112.053719  213.694748
3312.571289  67.492767  312.626495
3313.382813  111.395271  286.001831
3313.245850  136.137512  240.981918
