0.674395222970609        -0.083426738245329       -0.0535816080362259         0.258308729295161          1.41982534649739        -0.867079572390783
1.03672557568463         0.616275758879198        -0.881216739331937           1.0763445497049         -1.51389859317988         -1.04004170126342
-0.149462527131596        -0.524999192883514          1.25589143932617        -0.836622407572883         0.207068672436703          1.26543147883074
-0.317081347952546           1.0077067367033         0.155841548468002         0.553148247032114        -0.444561802221123        -0.241457854619836
0.933594681049525          1.82910222865667        0.0549326848634872          1.45840932281793         -1.12048973843425         -1.72903141979908
0.723284094433828        0.0852880620794108          1.39855243581604        -0.855082179112574         0.435357965490364        -0.488240883320432
0.488168591782814       -0.0682423737529783         -1.77552344805383           1.4147638916666         -1.56102248298373           0.4000294645571
0.548382450976618         -0.56339228254377         0.329518162776529        -0.011693705988362         0.917694120698618        -0.538085008389852
0.0315904594610974        -0.473507826066062          2.10696147300755         0.626573201465964         -0.63093652459595          1.77726877730583
2.74487931461148         -1.70344134994647          -0.4000294645571         -1.17286125734019         0.698131700797732        -0.779464043940667
