17.32166436	-54.22762549	70.8979194	-3.216818308	44.59033679	51.08757558	3
23.82222094	-42.86820996	1.891443378	-48.19943678	52.95693812	-66.07	2
2.462276344	-11.41927922	7.079943116	-8.871898406	33.69782026	154.345215	1
-54.36528546	-21.35757924	15.69557029	102.711433	78.94981853	-2.743913815	3
31.03187354	-48.55079116	-28.01	-23.77243599	82.25	-111.91 2
-47.04718366	76.61809608	87.34727296	21.48	-90.34	4.04	2
-61.41563531	-92.60815723	-15.01010551	17.32	-95.73	-52.24337332	1
-61.54091757	-28.17907248	-99.16086067	5.799908209	-52.86344886	36.4	2
49.82170592	-55.53688886	58.06722708	42.27	-88.54	79.55 1
56.21010554	-27.16438288	-53.15536294	61.67	-59.78	17.65734228 1
-100.7732706	-38.16837565	71.25763146	-84.78872445	-19.27434377	1.35 1
-8.485273332	27.40885037	-33.77521444	8.787553941	14.34835315	-94.30138 2
14.43519874	-59.64823725	85.45560862	-18.16376317	-3.15	87.64 3
-34.97246294	-47.02030231	-46.17914321	-82.45	-76.84	95.73 2
43.60093142	5.794299608	-63.74723001	-83.45	48.99	-260.22 3
14.57773666	62.10762443	54.8285985	75.73553817	45.45861808	68.76 2
-31.9372906	83.63	54.5	-103.24	-82.25	-146.97 2
38.79025439	-50.32714054	49.41	60.56505543	0.590573636	-14.83 3
48.66115889	37.11235148	-8.208625766	-33.66572788	11.69590468	49.89 3
26.88932086	60.13564667	-19.56837108	17.31602319	-23.55002678	-117.3 2
-13.73847967	75.80766639	101.36	12.57426862	-37.29	-47.19 1
52.7685795	-29.64248522	-21.45927681	-50.31721668	41.8	63.37 3
-51.9604755	1.393143998	-10.89784046	-163.9461297	-12.19501208	-47.19 3
-111.42	-9.302936587	-53.78540522	30.68505819	-2.522995072	157.75 3
80.00834379	-34.70182405	-46.60796027	-108.78	26.2518847	-74.04129716 2
-10.8689383	15.56782273	-33.43889131	-34.25478912	52.58	-35.19980387 2
111.350798	-20.18616959	-22.3694078	-39.51579451	-8.914321428	31.47538766 3
-14.14756215	7.583665262	-39.5378329	38.45641391	58.88	63.37 3
25.30291378	-25.12415025	-25.68115451	8.645787627	73.26	36.4 3
-46.04354641	-0.43350419	40.93074984	-56.79838825	-1.725951104	9.44 2
16.47880664	40.69736045	-75.3858475	86.61	-66.06	-33.18668035 3
26.75816573	-26.50155335	35.9314493	27.18736134	34.16751453	27.52954359 3
-147.08	-30.2451758	-76.27757581	71.74381873	-21.12	-82.25 2
18.68360129	-19.81213954	-7.497046853	-51.14351087	46.23909297	101.12 3
69.01773491	32.34677773	-104.6734402	-51.29543485	28.31	62.32095486 3
-80.44991113	-45.92481007	30.7060954	17.95225326	23.82	-128.8772245 1
57.94	-106.1660305	39.69822397	82.45	-35.51	103.3890962 2
1.627712014	-25.00475005	18.19575052	99.08	-53.11041067	75.42749918 1
53.92316592	4.847560257	66.41244937	-20.09	102.2632169	-33.71 3
-0.396741835	41.77544488	-24.96	112.5594216	-11.46998402	63.37 1
-19.37981884	51.60935076	59.55656402	50.68293976	53.8816188	217.08 3
91.05	-75.95347944	-6.690493566	4.843610853	20.00518451	-12.29720548 3
60.55588612	-87.35193241	-37.14467682	-32.91723098	66.97	27.86193853 3
0.844575119	28.78730947	-2.176162741	58.9	24.72	18.95832088 3
92.51900552	17.55493557	-11.42047087	-3.46	-70.29984987	72.64543807 1
-46.74504601	-53.80993095	50.51596259	13.66192857	4.94	303.37 2
