4166.006836  449.077881  380.864563
4405.934082  641.010498  463.217773
4110.956543  417.500366  604.482849
4137.066406  205.231995  569.860840
4464.465820  767.960693  252.197922
3657.308105  634.892395  -345.441528
4501.342773  -99.593636  -361.117859
4352.661133  31.974386  -166.797272
4158.116699  688.494385  387.780090
4198.786621  859.021912  180.080200
4021.757813  354.159790  494.616760
3921.580811  328.439331  619.125366
4158.694336  395.368042  420.339966
4596.652344  37.654114  53.022686
4169.416992  645.379456  422.728210
3484.277832  -10.745671  -175.119598
3484.181641  464.526459  -375.997101
4228.833984  562.969177  549.927856
3837.188965  3.997783  506.584717
3628.474121  -39.171009  373.844299
3662.091553  318.031189  -442.053284
4209.943359  810.087341  442.332672
4089.369873  288.570343  660.457153
3985.831543  -103.411003  394.213623
3991.259521  960.029480  189.357941
4035.145752  352.937134  599.105164
3826.156250  692.365845  515.064514
4165.058594  303.548706  562.156067
4367.727539  603.580200  490.136200
3821.795654  489.907135  510.235077
4008.531006  427.379242  452.437683
4102.951660  357.377319  561.862915
3664.090576  -65.096451  20.551702
4260.792480  546.303772  556.810059
4053.791992  565.858093  324.579620
4167.411133  46.345898  537.503601
4245.045898  1055.478638  -83.902191
4213.866211  466.718964  584.150208
3878.119385  22.862770  250.117844
3691.523682  286.397430  517.470642
3431.485840  349.570831  -62.744396
3874.161377  1112.815918  26.267288
4215.784668  1043.035034  -279.664673
3698.988037  232.243301  499.960663
4075.742432  318.358917  560.166565
4306.739746  162.869659  529.587524
